3584
9107
5049
6429
736
3349
9152
338
3816
2987
4190
1393
781
3255
3919
4252
2033
10972
1575
4809
258
11683
3305
197
3427
10058
10317
11137
3575
5700
5300
4635
5603
1376
8467
1949
6708
6587
4455
10893
9801
6859
10907
10539
5544
783
6652
8487
1208
10731
6490
2880
7492
4115
11876
909
9893
10237
7610
3814
8624
1204
4444
356
101
8245
8879
485
9733
1299
603
2071
5463
10031
1815
5012
7141
5824
2384
2735
11430
4513
10720
10261
2298
5281
10505
7909
9497
7429
5320
1830
5378
3384
9427
46
5889
3135
8614
3130
9691
380
7978
8493
4431
1348
4023
8226
9374
2266
11051
8612
6906
6020
6269
5155
5891
5144
9444
3572
7460
7422
6268
7956
9965
1404
1654
6370
5863
8286
8420
252
9344
1352
1927
3884
9513
11192
3098
2448
10377
3496
9076
806
3670
689
6666
7898
6108
4519
4556
3454
2119
5065
3279
5239
347
1200
6376
1144
9968
3473
6745
10021
4856
4310
1852
9412
8397
9515
10108
1843
3569
1728
8476
4651
185
3345
1331
10834
5500
1692
4954
11915
4015
9794
222
6284
4074
4160
9139
11518
10755
8443
8122
2771
1638
8821
593
11600
87
2363
2409
9522
6626
6447
11339
6364
1993
5230
6910
9464
6725
4718
3771
10036
4332
2583
11148
6041
842
159
7312
10889
9833
8022
4506
1194
8868
5329
10032
526
3335
500
10936
4465
11694
2483
3446
10334
2769
1480
11351
10117
11685
9612
3525
1804
10385
8357
6791
9286
2268
1781
5970
1662
2655
994
10039
6543
824
5468
2369
11943
10854
10173
6536
1711
3495
11626
1540
795
11285
8003
10158
4702
7657
4767
7034
10578
4094
1433
10153
7286
11209
8508
6600
7008
10760
9138
2406
6539
1563
6563
7335
3136
4576
1212
6001
10881
4694
2516
2044
9971
8459
735
11119
1345
7255
11566
4687
11164
8710
7792
4722
11869
10607
3283
1675
11437
2679
11558
5621
3645
4202
9938
2335
1169
5981
7497
272
9947
7726
9276
11541
8629
962
5092
2281
5038
11650
624
1267
8037
7581
9808
5079
3406
8934
2592
2392
863
6503
5052
6403
11830
1081
8605
9879
8281
1831
1960
725
6418
6145
1460
6430
11022
11937
5837
1837
2328
4346
7295
3041
1014
3949
10961
9403
8421
10009
4249
623
878
8222
3526
8365
3503
7168
4309
9430
9177
6179
3808
2551
458
2452
5952
5666
8288
9490
1933
6607
8700
2129
1235
4147
7482
8172
3741
9624
5330
5374
9046
5346
7562
6422
1474
4121
5742
2687
9877
1291
11158
3995
9247
1556
8
11184
2804
9347
1442
3615
7744
2240
1121
111
701
2085
7970
10312
6879
7217
6686
569
1473
4643
7025
7446
5782
11435
6076
7097
3344
2538
4835
834
9501
2078
117
7526
8416
1971
9144
5237
590
2212
632
8841
4351
11834
2840
9985
4735
4819
2410
9406
2918
6728
6871
2285
305
1704
11582
10616
9960
6705
10276
9627
3332
3879
2959
6356
7473
5591
1644
6496
7622
10909
5305
9155
1899
4538
10259
2200
4586
10990
6842
9796
8018
6215
6291
10103
10929
9775
8950
894
6737
11499
5821
2682
7223
3802
7941
9335
6696
8722
1403
2952
11334
1723
10536
10922
976
7987
8257
11008
4222
10581
5205
451
3232
2514
10556
9387
8201
7236
1439
9480
1761
3748
10952
6589
7086
10387
3092
672
109
10730
1346
1547
11473
6931
2066
3326
1458
1641
8667
6082
6115
9484
9583
7758
5428
5587
1071
5156
810
4352
4398
7954
9937
5005
3623
7477
10392
9245
9124
4024
1189
3959
11867
2346
5183
8337
9466
3942
2596
4552
77
1858
18
10250
4590
11005
1360
4508
2662
8546
7203
8733
604
11475
2150
10075
6273
2901
11531
1454
11726
8327
6214
8687
4930
11534
5799
7467
6537
8103
3804
11035
871
711
7307
11526
3732
11393
10690
1999
11614
6150
2284
8284
157
4897
5416
2809
2622
11567
9285
11871
487
6252
1921
1019
2364
6482
10408
10336
1028
250
38
6667
9306
1987
3450
4700
3518
9209
3452
9787
2628
11416
5448
3052
9657
4972
1647
11763
8935
10955
10754
11688
11521
10582
7269
4251
5571
7349
2567
2625
220
1905
8030
2430
3287
9259
5980
3910
4781
7216
1195
3772
1131
3589
9672
7515
8323
10571
8782
3077
8228
4475
5844
1827
7104
5152
9728
5217
7484
3635
4667
3484
10099
9134
2782
2402
3846
4684
9528
8790
1749
7363
2656
7693
588
3467
6852
11757
5763
4541
6739
5839
11900
8607
11189
1215
10056
5085
10225
5222
10084
3097
1482
7159
4659
11340
2383
11883
9190
1488
2426
10947
189
5458
1021
5776
3247
10821
2657
8242
5068
8475
3523
8318
11330
9807
7445
8089
10749
895
4728
7951
11803
6005
4879
10345
6066
3762
7703
2269
1436
8477
7799
561
8349
5757
10270
8057
11711
11387
4166
5596
7691
6875
11182
8593
4408
1013
10053
1548
1377
1636
11274
7546
7257
10463
2981
3168
3383
7262
6405
9159
11837
8446
4811
5615
5202
7085
10206
2711
11491
4903
5178
10670
11245
9605
11059
1047
9477
2753
7389
718
6619
1311
659
4824
4260
8971
791
469
747
10337
5894
8068
2609
9914
8757
4690
8892
7936
5583
9614
5515
1726
731
10011
4244
3832
9846
3188
705
581
1737
9945
3963
11263
1775
6258
3474
3075
5762
6814
6785
1893
5181
5310
11903
148
9505
8408
11700
8125
11443
947
7808
5296
4691
11753
6423
10748
6506
11303
3169
6612
10022
1616
1664
3164
285
11299
9047
6895
2693
7208
773
4329
9338
5730
10047
8090
11655
2900
10484
6803
2739
2051
1977
6698
3895
8729
9674
5848
2790
9041
4544
2168
9857
3155
955
8650
7972
9456
6712
6709
4131
9610
6302
76
8548
597
7161
8735
9241
3582
4851
1188
4557
3745
4216
5814
10684
23
5747
11015
8811
10586
4551
5713
5826
4844
8715
9790
2160
4779
9408
1834
11262
7722
7319
7778
6299
2288
1098
10070
11011
9843
2574
4854
8080
4224
6366
5169
7188
81
6638
3749
6820
4302
6464
11918
4086
2976
6654
11910
3931
10129
4421
9922
6527
2998
2929
9584
1358
6854
690
11828
527
7346
1825
1521
3933
4992
5922
4905
8262
10051
10194
7525
9051
9277
995
10159
8786
11315
4104
7014
9746
7303
4291
2330
6089
7053
4036
2062
11157
8625
5872
7143
6723
5835
8362
9994
3274
422
6071
465
8285
11800
537
7039
1341
6393
6468
2108
11102
11298
1498
1124
6772
8224
7145
8497
4629
1716
10967
10422
1449
360
8462
4125
6281
6223
346
10737
5261
7628
10634
524
9436
7377
8627
8875
8267
3720
5105
869
556
9601
3920
2931
10882
4830
11055
11904
9350
2128
685
8495
4679
6210
8660
1934
8278
3686
8706
1155
4129
2307
4250
7784
337
1848
9763
1867
5909
10177
8264
5165
9056
4126
3080
10403
6665
6950
1026
7407
3167
2316
4826
1031
1577
9446
3202
6903
154
11455
4874
3036
5846
10554
5663
4379
2716
8752
3971
3501
11394
9496
3162
10293
11522
2727
8600
8353
3409
9389
1319
1380
11618
4182
2962
2401
1861
6189
3381
6174
10836
3565
106
882
5299
8392
1288
4485
6043
10139
321
3432
4087
3060
8258
2433
8818
9636
10584
7472
10920
5907
10227
6194
10799
1916
5002
9008
7649
8260
11642
3286
2397
4866
777
2460
1648
6158
11259
11142
10585
208
3102
4333
9924
1599
3369
5266
9806
9713
5581
10314
4324
9875
8076
10639
1257
11068
2955
150
6594
3708
7535
4380
6104
10606
7855
7707
4459
8339
2688
5475
6295
7671
942
11768
11033
4658
3025
5126
630
510
8914
8248
10531
848
899
5978
2566
11841
1868
8031
4705
9621
5497
11856
11880
3480
10809
5309
8974
11091
5207
4176
3147
9917
4837
5100
6844
1976
3746
6670
8923
6254
4619
796
4353
7849
9088
3360
8873
3233
6028
4873
11310
10147
4838
1906
3798
11693
5420
1180
1911
3531
4524
5599
2218
5388
5741
11379
3365
9677
6793
3481
9151
9415
5110
7769
7788
10522
9995
5542
2937
72
4042
3096
4871
11156
6439
7527
3579
11161
5708
5430
5750
2593
7041
7925
5387
9341
10527
11190
832
8902
528
9281
10195
3385
9791
10211
2604
8237
5638
7289
9229
11510
2332
6084
3502
10640
4403
200
9361
10313
11891
4821
11892
9060
5356
5188
4283
1656
5721
1936
9421
259
3223
1537
5447
7668
134
7347
4501
4236
7815
1523
8810
7780
1866
2576
11520
4269
3616
3555
6580
6743
6148
6263
8833
6956
8711
6584
8218
6242
3422
11232
6016
1720
6248
3793
6919
10820
11658
5328
3974
7685
3240
8313
3917
5881
1699
3035
4402
5273
10864
3848
3876
6993
941
7729
2239
8182
9694
2985
9254
4082
3120
9741
8925
10238
6408
3860
3699
5509
8002
3987
4530
5029
9368
4177
11101
2282
9915
11586
943
4127
1289
4564
4253
10959
7500
8292
11314
8854
3107
9114
1290
8316
1546
6222
4693
7211
10614
5919
6443
3145
8283
2685
11919
28
2627
6762
7530
7038
9117
8626
771
1504
8506
5375
3915
3210
599
51
6676
10179
7391
10696
7885
6318
10109
10404
1111
1568
5986
4747
11249
11942
8535
1605
2244
10025
7513
1197
7565
9205
3507
3777
710
9137
3293
2463
1799
9362
1817
3679
10005
11120
9014
10040
3449
9388
1088
1826
10490
251
3341
9275
4288
10360
1041
7751
5233
7959
3300
10963
2631
1418
4934
1789
3897
6427
9222
9541
5137
10389
11897
10320
8844
2075
9360
11741
11064
7790
3613
8442
8372
10989
10203
559
10148
4299
2882
5279
7342
2741
3490
5218
8772
8115
11214
3342
9572
7940
11795
8849
8500
4768
10015
10745
2257
1541
3837
10719
6241
10090
9884
9933
11322
2423
10764
2132
4682
4531
653
9805
7155
2466
1514
8944
6645
5252
10983
6434
8759
6695
3378
4996
6534
8830
11810
4727
9955
2388
8236
3567
10254
5665
9164
7315
6161
2930
10919
9724
10647
7577
6902
1883
2057
1429
3199
10831
2095
7662
3203
9789
8906
9858
3436
7442
2088
9001
1659
5479
7857
462
7056
2848
9127
9820
1134
11575
3979
2647
1606
9905
677
2562
4959
2347
7306
1634
1574
9935
1236
10076
1373
4247
435
9098
3359
6719
39
9005
4472
10278
3055
5548
3024
11073
3717
11294
6883
9445
7548
9682
10710
5227
5860
9270
4278
3104
10229
1138
8801
5749
5575
4134
7506
319
202
9830
390
11440
7045
9201
1463
464
10583
4464
841
4457
1145
1487
4649
4791
10306
8168
650
6311
7523
4234
1823
2091
10493
9941
6
11890
5672
355
1754
9050
9373
4277
4708
4468
2130
8708
2002
5337
10816
9925
11483
3769
4618
1305
9592
7109
10132
2419
1146
10905
10113
7073
1587
5340
1378
8395
7080
7572
143
6015
10681
9391
7226
6139
186
3262
8067
4583
7660
3128
311
10126
8582
2983
7228
1758
6640
9607
4138
6937
2048
4915
5499
5460
8673
11554
3442
1175
2856
8869
3909
1666
7747
10287
6602
10439
3750
11898
3545
11670
1049
926
6437
11078
2738
24
6052
6867
8697
7386
8777
67
10414
7690
11496
658
10993
6561
6049
3289
9339
4451
1349
11579
6922
7508
854
1573
10495
10665
6442
130
6133
3678
6634
4233
10382
9773
7339
9878
4706
9340
6767
1914
7518
3445
9363
10654
5315
8536
6960
6997
2778
4183
7838
3174
4783
1660
7698
10362
10309
3722
5034
10284
7564
10175
3258
8216
3009
8017
8919
2171
1503
11074
1336
6032
11185
2801
11174
7448
647
4607
161
11079
407
1448
6132
3205
10262
1400
1262
1363
11291
6406
7066
3656
6578
5819
8997
5582
8219
2855
11107
6621
5733
1163
5336
3738
10459
294
7991
3537
176
4605
7136
550
5462
1997
3984
4622
1725
11802
8491
11271
9731
2936
7089
5843
6350
3586
6520
10361
1632
2475
7620
5147
8578
9707
10757
9509
2343
1622
7615
5138
11305
10470
3464
5051
476
480
8613
5948
6126
3571
11419
3609
6220
1399
1851
10747
8956
8354
8268
10695
626
11144
9438
5533
4612
9089
8246
2224
1562
6891
8707
8855
9443
10758
6742
6172
5134
10142
6601
9120
10223
8952
1037
5923
5570
9020
6182
10236
1259
6882
10339
3936
10682
5627
7033
1133
3675
11679
8996
5393
3958
7427
10446
2872
4409
306
4279
2312
1051
8393
2083
3627
4489
7026
5321
5703
1070
7278
1631
4427
7007
5339
8054
10071
7818
8484
3061
8088
8661
9156
4073
9644
10394
7397
8992
1687
9214
5312
10106
1385
4638
2802
11202
2403
496
6096
4350
2296
6452
1876
2242
6135
10725
1270
1065
8769
8865
1415
10746
2169
3177
6488
1045
9580
5712
1651
9022
2870
399
31
11071
4709
11086
8557
2461
9792
6635
10769
5342
2280
2115
2199
644
4385
554
10341
11720
10409
1102
1938
2039
4720
11844
3307
3691
11104
7037
5950
10399
8348
5099
9371
6497
4158
11572
6869
1630
2867
8730
11958
9256
11870
8494
5506
7068
3886
11489
833
1244
11143
7583
4740
9717
11697
6991
2789
10122
7821
224
2532
1190
9647
5465
1961
11395
5223
2996
7057
6829
8628
1860
3377
8775
3310
1849
6120
6414
2499
7705
11206
14
6800
7277
110
9108
5983
855
5601
3371
4221
5443
4081
2304
8745
10984
5714
279
8488
10340
3873
4887
3238
5076
1390
322
10094
7083
7212
637
10646
2449
5902
11503
7047
4883
5133
7563
410
5935
1894
7922
547
2828
10841
1152
7101
11096
4814
1646
4543
9686
1937
11954
11197
2273
9073
10146
10804
8163
9732
7637
11598
1094
9783
10192
3872
9546
2993
7743
7317
3183
5834
8530
6843
1952
9890
2588
6475
4983
2435
9439
2314
3789
3254
9064
5632
1015
2573
11319
1633
2228
9002
11831
5896
8503
6352
4413
10511
2355
2672
2968
1572
6819
1083
2183
1402
6622
3430
6498
6711
5354
2520
10784
5882
2135
3070
3966
7417
11040
5906
4349
3185
4853
2243
4155
9946
8189
2469
7413
7710
7204
6131
10172
2898
4778
4473
172
7973
5569
750
11400
58
4598
5206
1621
5016
2139
9232
5715
7881
10675
11320
4181
9197
7172
11678
7461
2113
2606
11432
11490
10416
10686
10504
3941
8561
5993
10833
2080
11001
10304
8144
210
741
10796
9668
1841
3712
11268
10115
2550
2190
427
11391
3511
10884
6004
5967
6720
5249
9274
9512
8716
5792
3842
8550
652
6703
10617
10701
11660
9110
4001
6046
7186
10741
4764
11270
4794
5957
11643
10428
5426
6574
6243
1550
10508
3785
1445
1816
204
4387
6981
1440
7528
9759
7114
4326
5516
8765
8589
8982
8272
3181
6343
7267
266
8820
9539
470
2441
7311
8118
9896
4213
10859
4945
9558
9260
10991
8473
8991
1889
8649
10264
8842
1845
3993
5459
3151
3751
8659
9239
11317
5647
1101
6308
7593
6641
1750
10878
7645
11111
10310
3553
9172
314
877
1598
10086
8559
3651
1522
1251
7432
2842
318
9516
11431
153
2422
6012
5671
9419
8175
372
7750
8062
351
946
1233
3132
2000
3863
10249
4766
11574
3099
7326
4276
7820
3124
2860
1552
10372
11855
3192
455
5652
9765
4875
5962
6775
10221
102
6672
2357
248
7999
7425
2187
7962
497
4517
982
6562
4139
3906
7072
827
1225
8454
6796
334
7435
123
2540
7093
10365
4152
3541
4323
761
2651
9163
6579
1939
10848
6038
10434
9803
6968
1645
6347
1142
5842
4876
1165
10128
10727
2320
11629
990
7643
11835
2759
2408
2102
6018
6300
4030
4944
1991
267
4820
10318
3784
10557
6417
7687
8970
1739
5060
11309
11652
4255
7944
11177
10641
8444
9157
707
6531
3462
385
915
429
9104
11920
11461
7249
9863
9716
2214
5593
10328
4526
4206
2720
2689
2221
2980
2381
9040
8965
10296
10499
5769
7854
5565
5777
3412
9263
4334
3485
8791
5286
9698
8437
8989
11375
7910
1493
1518
7538
9822
11216
7993
4642
9471
8888
1296
10462
670
10542
8754
8907
10787
69
3483
3929
4307
7373
9722
10673
9243
5162
10574
3693
1162
6713
6051
5563
7521
203
4591
2889
6538
5043
4670
11308
6017
11178
8141
4784
8979
3086
8095
2443
8937
4450
5269
1710
3281
1995
1782
10045
4580
10688
11742
11037
364
3631
4822
8308
5965
11553
11538
5347
1170
1151
10228
9606
1222
6650
7800
6290
9506
8184
175
6606
8936
8380
11745
7380
10089
1649
7353
3968
10615
2026
5910
4000
10140
8373
7202
1316
5561
6732
9262
6911
4704
2109
744
3788
974
8205
4661
1249
4010
8133
2584
9165
8619
1132
3079
9662
2477
8486
2519
993
5357
4357
4429
7906
3498
3787
9100
10481
6894
128
9697
596
1639
5077
9615
8900
4594
5072
1374
4292
8251
4770
3956
8398
11821
1967
5798
11329
9726
10184
7871
7207
2157
2774
979
11252
10917
6718
633
9525
3839
10649
9613
315
3486
4203
6314
6333
1401
738
1742
10406
2063
2658
9574
10062
11529
10918
8822
1242
2908
6636
2337
9620
2859
3453
10037
9083
9900
656
10535
7725
616
8837
695
1671
3684
3935
6340
11774
1171
1998
5010
11504
7835
6631
6394
10432
8254
3601
7604
7075
8525
4882
1689
1147
11930
10817
5711
11743
11740
2141
8388
6947
50
2197
5683
7930
7215
8802
11127
563
10386
1042
5131
8186
4165
301
8422
4102
1788
10968
9054
1486
3472
6795
6849
1395
1592
11258
11235
1330
5186
7175
7181
933
5701
6839
10814
6886
8207
1087
9314
4128
580
5840
8731
9473
6774
5534
9405
7514
3424
11861
7828
9154
7724
6964
10080
1394
8780
5998
1970
923
2904
3985
734
1004
9932
5557
2485
843
413
2636
6003
1887
3992
10480
9141
9649
7293
6048
6054
11057
10773
2673
4549
5208
10166
2887
1661
11353
8455
8719
3549
8806
2579
6702
1764
3598
6734
8912
11601
2188
8866
8303
762
8725
768
643
4219
11656
3803
3268
10946
11193
6111
3690
7288
7231
5021
7205
7942
10258
4695
3125
11288
8852
5108
4555
666
2163
3045
10954
4609
5483
7153
353
1835
7847
1261
368
9617
8255
5657
10415
5452
149
7424
7888
8896
7502
10812
4512
1421
10609
5726
4758
9337
2176
9987
3778
4872
103
1277
269
10703
8587
10052
7032
11095
663
4108
1665
4991
4734
9711
3435
6166
7876
2226
702
2144
3630
7385
11801
6965
10048
3925
2294
11467
3811
10255
8683
5098
9788
6324
6367
8183
415
2047
6763
11049
4850
8413
9420
539
2917
5995
4336
7646
1114
3998
5163
2614
9678
9653
4154
2940
1430
7006
9629
8766
5047
6328
1089
4798
10027
11469
1281
5974
1891
2495
400
9433
5815
5914
1068
5332
5566
1097
2385
614
8315
10300
4743
3478
6124
1871
6275
5568
5204
8756
782
8813
9809
8911
3723
7786
5987
4212
6310
8012
11875
11450
3418
4752
5246
3212
11381
10069
11257
3535
10010
6835
6184
6499
2992
8955
6740
10692
6586
2843
2100
8451
3497
9825
147
7739
937
2915
4841
9483
4061
9586
739
617
2468
5287
1466
2010
9854
5558
9207
3597
3141
6119
7636
6477
11778
5653
8572
486
3313
4745
9931
2747
2861
27
1733
3357
8180
3534
8498
7937
6163
888
9908
10870
1072
7745
4390
8341
2122
10830
11149
8604
9447
9048
8016
5248
3903
4487
6122
1334
5345
11610
7098
3304
3193
1279
3299
8449
1011
11624
7433
4055
2754
7169
9876
5926
11403
4208
2153
3023
378
8140
5969
9308
1240
10457
3346
514
5324
10349
8359
7310
11128
3222
3065
10543
6653
9065
5845
6617
7016
11934
4566
1438
9800
5893
1846
828
384
1177
1519
7559
1176
4774
9206
2034
8610
1103
4641
10770
126
2681
11588
2327
5457
3924
6112
11593
11255
9681
2944
3757
6681
2301
10775
9977
11170
3865
9532
37
10092
6326
7135
11933
2649
4118
10700
5196
1110
11818
10230
2497
6929
8957
7938
3671
9508
11580
2038
4842
2831
6463
10659
11632
7632
6380
7550
10167
9880
9744
8188
595
7194
3835
3008
7933
7860
1714
3237
5187
3939
3288
7233
3841
6086
7137
9478
5175
6948
7352
4235
10980
6461
11772
4717
7323
7193
7714
11295
5526
4132
11417
2361
388
1539
8306
11429
2964
2777
11839
10876
2988
9091
4327
7151
1842
8677
10299
10412
425
10517
1853
8823
11689
2436
11471
6339
5890
10849
10
5598
917
3111
6935
2637
3033
6454
7692
9023
9529
6797
6149
11746
6773
8006
11806
217
6853
3820
6167
11311
9701
2007
1604
6446
10541
7981
11406
2599
4653
9548
1745
5502
1113
1304
1130
7316
817
6355
1600
11602
2920
6398
5820
6841
7450
11418
6573
9032
1797
6500
8685
6806
8448
1698
8194
1238
5130
645
450
5858
10272
10486
165
6591
1332
9991
3666
1862
6765
2854
11210
10537
2341
9692
6633
6860
4726
5512
10930
9611
489
3624
5682
7555
9148
10533
1122
10034
1271
4574
9106
3123
8087
958
7948
11316
9869
11115
10451
8370
579
5645
11568
383
9973
11653
3482
920
5808
7158
1149
10458
2216
10445
4078
1496
5485
6440
11789
7290
3093
1295
9913
4430
11931
7197
345
11667
1513
11250
320
5546
5866
5288
7282
10573
244
7903
10378
8312
3810
3195
4537
4342
5781
11352
4640
11680
3542
9838
4675
6971
10519
2272
4201
2646
9149
3126
6533
2626
6455
421
2702
11180
1653
9458
2632
12
6025
4060
9052
602
11781
5298
3923
3071
3659
2349
8043
9485
10932
2156
11217
7630
2069
8651
2906
7742
3488
3196
3504
6780
10565
452
10012
508
1520
10083
754
6978
9829
518
8826
10234
4676
4575
2250
10635
9448
5211
7248
6546
2559
7911
1389
694
8632
7116
2692
6560
2695
9576
5473
7454
495
6289
9795
1287
3140
5524
10308
922
6789
1885
5680
9432
8566
6851
8241
8517
1944
4355
4034
6337
2635
2731
6449
2386
5081
8034
3621
9121
4363
5765
7291
3698
956
323
2067
11819
5904
341
1510
5129
4958
8108
4308
10356
2640
5498
6834
6327
4143
729
9498
11267
1284
535
10879
8640
11020
4339
11627
1686
5180
8704
4043
9492
4736
10379
5006
11175
9639
570
5710
5405
2865
10219
4366
4415
11716
10974
4956
6438
679
9706
3161
4563
11823
2049
3707
2525
3716
8077
970
4382
9399
4932
9122
11378
756
1650
179
8415
2106
11773
7952
7165
3175
8385
8588
10460
5883
5861
6892
3850
812
11523
4317
8457
8611
10335
5343
3692
802
9816
2505
9093
1282
10245
3922
5737
10960
11671
8111
2534
7561
5193
9392
11895
9573
273
9899
5554
7140
1583
3801
9326
2762
8682
7676
11762
11092
1635
7923
2836
1002
8123
7201
8058
808
11929
3648
8924
6180
4257
4714
8575
3834
11664
5831
10239
9970
1123
7192
9227
8915
2821
5538
6604
2376
7924
5936
4823
5567
5892
7863
3280
7576
4927
9556
3642
3137
4245
631
9169
9219
8763
3767
11269
3831
6379
2829
11066
7547
11945
3324
4241
8921
7258
9418
8439
8470
2339
10302
11878
10602
1811
7263
6569
5812
3962
1447
9063
10161
3558
2611
11502
8581
9827
8872
4666
2694
6707
7512
9988
10138
1620
1192
6262
2607
9990
1695
9703
1715
945
536
11815
5549
3851
5389
7716
7539
11118
9582
2895
5613
4217
10553
6518
10235
1412
11736
5111
9196
1159
5275
11709
5318
3977
2601
10877
1873
1187
6833
1012
423
2398
3386
8202
3632
10958
1690
4312
10017
11452
10201
2036
7840
10413
3731
5024
5392
10180
9203
11282
4189
3291
4179
9966
3705
5419
8126
2425
7699
4968
7537
6229
1090
11896
8065
7708
1688
1847
1963
7988
8139
1079
8641
9588
5213
3867
6061
8336
6374
8760
7677
5716
4818
6199
8310
1158
1974
6157
4973
1581
253
2677
219
3019
6453
7240
11047
8199
227
6526
8713
10265
11561
5574
11360
6323
10826
1355
4795
1384
9902
9898
11874
7737
448
460
3447
297
7043
10110
11412
751
5953
6688
9103
7421
611
11747
1506
4273
1545
6045
9034
8389
3713
6504
1386
5679
4634
5220
10291
6917
10367
2806
9125
11453
1925
93
7619
6663
9687
8856
4358
5424
5314
6701
11004
11229
9797
11228
7809
11398
184
11563
7623
3391
9699
10346
477
166
7176
1324
9495
8369
11457
662
1099
412
7400
7030
6913
8091
3211
4832
2749
8120
329
9487
11446
5938
4801
11684
3970
1850
2353
9238
11860
5695
2645
9266
3887
9852
8798
7305
5274
7591
11370
4606
5510
4064
461
3753
8595
912
11154
10354
6136
7253
7740
1107
260
10608
8165
5864
6660
3157
9342
594
5519
6936
2417
9502
10965
7624
11205
2194
5675
11840
6738
6979
11138
2868
8863
1419
7334
5589
1450
11888
7501
11675
542
6000
5487
11423
847
6717
3633
8568
2561
1499
10593
8019
2230
1456
4281
9475
6245
10073
934
5871
6426
5585
11221
743
1069
5650
572
1989
6216
9329
1780
8020
4458
6396
7382
235
985
949
7783
8585
3194
11172
6388
3387
2412
11721
7444
138
2175
6404
5493
30
9180
83
1727
9817
8287
1112
9028
2231
9031
1115
2017
8748
8299
10057
6021
7947
180
9769
8269
2263
2570
3285
11296
88
2348
7354
7265
10753
5380
4617
10546
8599
11374
716
4616
7428
2715
3709
10398
11313
11007
2517
2147
9310
4161
3001
577
5800
8010
3456
11396
8156
10744
9557
10281
11836
1297
4417
6648
2215
7520
9660
7003
2424
3587
1478
7882
4359
534
1801
4939
11211
4021
5785
10896
11788
9494
9567
6068
1338
696
6247
693
5373
3028
8876
4595
6063
2888
8899
5841
7837
10668
2535
2533
8309
7314
4274
9641
798
7134
4484
8883
940
4496
9749
9123
837
1591
1920
9451
9210
1877
8975
6484
5255
11515
10761
11922
9719
8794
3352
3894
9721
9734
1795
5041
1532
5550
11906
2219
9226
8000
6103
2488
5616
221
11941
5050
1872
7121
6741
10440
3461
8894
317
10431
7522
1947
2966
8558
10766
10368
2986
1150
2548
2820
6207
9849
8110
10823
4025
4935
1732
4441
5641
3420
3393
9927
6313
3040
1211
3833
9747
9630
9459
7009
8340
2722
5698
7388
1551
3029
8425
7599
1753
408
3768
9978
8430
2161
2556
6887
4442
11117
333
9840
9936
9092
7601
571
307
4515
4533
1964
8792
3641
3590
719
8053
6949
1806
4100
5325
11081
6240
4668
10914
11755
5294
1364
1100
2276
11935
409
10779
3888
2029
4733
8035
5289
5280
7173
9751
4602
4383
4316
9851
5121
8787
11474
5633
7720
5684
6856
365
2356
8347
1679
8157
5964
5766
4446
9086
11449
1681
11641
6235
263
7333
4924
6221
7275
6659
9720
4800
11894
932
1337
3207
8464
1526
393
9079
5719
9199
5525
6050
1075
9334
4498
8669
7451
7459
5467
7013
9738
7831
9315
7533
5810
10724
10671
10514
8836
5290
4011
3191
11776
5439
10449
10644
249
5225
8679
10454
6181
8770
1874
5078
5631
11486
7688
4810
7597
10860
10895
7946
2112
4098
3527
4053
6730
5488
3638
8524
6460
1217
11557
10468
4362
8867
1941
4545
10978
3388
6655
1802
6608
9841
7118
5790
5642
10994
1691
6298
5242
1207
1791
649
6261
4425
3548
1017
530
4284
7081
6615
395
11794
1683
11495
6110
4093
6493
7271
4570
4412
411
9319
4855
9030
2120
11220
5636
6288
5120
6070
938
1260
10241
330
5955
5692
8793
10181
5066
11785
8351
10375
1783
313
6489
9355
100
3672
1773
5153
11405
3819
9404
10880
10240
5503
8047
8576
2909
10351
10941
5385
7225
2391
1247
11026
7832
2511
2313
10266
7694
765
9267
3809
1492
91
3292
11713
9663
10957
4172
4523
8082
4559
6798
7766
7055
8890
2027
1203
7673
5674
10363
8701
4978
2935
6407
11923
6682
10562
2094
6476
19
5745
10605
7102
1227
5395
8431
8753
7222
4703
7616
1515
5659
1477
61
4199
10705
7829
4520
4322
11392
6680
6583
6250
6264
10305
6097
302
11603
9549
3702
6470
2743
11833
8256
684
1793
5780
65
7711
3290
8742
6508
2283
9010
44
883
2489
10808
11647
5209
8675
4076
5624
6348
11714
8551
625
999
5927
2951
11321
1172
4725
8744
9920
10677
1946
3611
9184
4230
3277
10290
8645
6637
5612
3477
4963
1119
5157
1058
5450
6983
4573
4739
10599
9958
11348
800
9895
11608
6914
6916
11347
2447
10107
1154
3983
9397
8350
7489
935
7851
3315
4009
4321
8684
4975
10768
3663
3298
3373
11585
7870
7644
3475
2011
10651
1273
1048
9287
896
2065
62
5022
4908
8148
3228
3875
10182
7127
6509
780
4789
8280
2664
5007
9511
10555
9725
10726
5083
10191
1890
344
8681
4886
9779
7095
11766
4150
10242
3739
5136
10143
1109
11886
4802
703
7734
9204
4756
9115
7874
6554
6091
160
4561
799
1096
8174
3940
9886
8225
8727
11767
170
4228
4507
10943
9963
7300
10402
5481
168
8239
1610
8127
2249
8485
568
2932
4026
9409
7264
6187
7021
11280
8221
2717
8345
3776
1972
2616
2404
4105
6540
977
10938
10850
8314
9652
11136
5746
7150
1803
8553
11731
11428
1073
10603
2012
2334
8005
6171
6575
9345
1748
6733
1534
8116
188
10985
6517
3236
4636
3554
2179
7318
7823
7701
3938
9860
9867
1210
1464
4997
9755
4197
11459
9595
3138
7092
3416
8055
7154
4354
2089
5693
8785
1444
7245
4926
1356
42
3605
1554
8895
5899
4436
7985
3
712
10866
4952
2315
8307
6958
7505
8496
8193
11335
283
5145
538
1392
225
1213
7571
6942
6062
1623
2818
6448
6325
6116
10214
2638
1595
6218
9870
11355
10513
7915
10477
4907
4589
2098
11426
8652
1064
8119
8834
2471
2274
2322
2254
546
4170
4861
436
2278
4492
11863
7465
2198
4500
2597
5176
4294
2229
10156
4710
10085
3823
11134
8468
3892
2321
5651
6647
9533
8843
7626
9488
5492
8534
2866
9218
2336
6874
697
4267
8149
4325
2728
4762
7865
8860
3700
8639
5366
3499
11512
2732
5779
3729
11533
8734
2351
8401
8072
444
2107
4957
1511
8514
9140
3460
3629
7836
10135
10131
5490
10327
2912
7044
11708
6383
3711
8516
1637
8519
6392
2613
7274
8166
2238
9740
7416
8887
1
141
10301
908
8688
7351
4405
7896
3085
2146
541
3766
2997
3893
11256
11858
4867
5501
1655
2070
5093
2379
8039
10902
5292
7850
1275
7715
8105
548
2712
10407
8761
4849
9972
9195
9850
1139
7466
7895
10427
7401
10364
6610
4933
4133
6023
5179
8509
5610
4925
3662
1320
9336
29
11649
10298
10898
8646
2863
1294
10007
68
7065
9943
6201
8407
10674
2055
4948
11031
1497
89
2233
8478
884
1760
1191
246
6907
6908
7749
8276
5203
10322
9974
3791
10942
5771
7018
4846
8153
4536
11519
6532
788
7358
2172
7230
972
811
2428
6801
10208
2817
9962
3215
4169
4724
488
5351
9044
3032
742
1082
3797
7054
2763
8081
4858
4919
8274
7755
1525
10613
11630
4888
2751
574
6943
9656
5454
4017
9072
6159
10763
6029
2093
4877
675
3680
8453
6692
6152
10503
2393
5046
10872
4750
11666
11336
6200
2699
7164
9493
4062
10247
7834
2420
9510
3509
6428
10734
849
8554
2879
255
3952
8038
6457
8999
11921
8040
9957
6277
4816
11853
2309
4614
268
11659
901
6616
328
5731
6768
4731
892
815
6239
4449
11424
11617
237
10189
7146
2697
11328
10628
4114
2845
6316
3515
114
4790
8922
11153
1755
3844
8013
10873
4928
1708
6512
10331
10934
11388
1731
6087
1219
3878
4419
8045
6715
1500
700
3681
7060
5945
7578
7111
6080
5411
11628
9901
2892
1931
9837
1617
764
4265
11382
2444
8387
5316
9343
5635
3536
2934
6431
8358
7584
5915
6419
1909
1006
3348
8540
5400
9288
4263
2438
11594
10307
8618
4461
1383
8622
1186
6808
1218
6590
7805
10948
2528
2245
3067
1839
10885
6098
4140
4368
769
1232
2103
8522
1886
11686
10567
551
610
6697
746
5897
4195
8177
9434
4482
4777
373
9004
4763
9676
8981
2509
25
2590
520
960
181
3150
3735
9298
2028
8987
9942
325
4238
80
11668
639
453
1044
10801
9461
4377
10979
4631
2765
1369
10534
11691
10742
6581
3740
4271
3058
9729
9640
9798
7304
10064
11517
1896
426
8643
10982
1578
3403
2074
1712
2857
7126
1357
9074
9113
9671
9598
6129
1743
6365
3186
936
11542
8158
11247
4625
3318
3637
11884
8436
9025
10632
8703
930
3943
4910
215
2030
8044
7588
8073
6373
3683
4099
10774
10079
8344
5184
10475
6479
5523
8261
5422
6276
11284
1684
1517
6847
4645
9861
4231
3562
9543
11592
1986
919
3595
10421
11183
11555
807
7094
8094
8995
8736
1524
59
9468
5341
4780
897
8644
6716
214
9153
1391
5278
7558
4301
5562
1118
3088
7611
6877
9062
2885
7071
10498
11241
9097
6141
6198
5918
4808
3003
7504
910
1255
779
3109
1553
5143
9369
11194
7980
9426
5399
1310
6359
11615
10492
11583
4525
5304
212
8570
5886
9379
9325
3423
11225
5229
6322
8893
8405
2265
954
8296
11591
10525
3054
4737
8977
3493
2799
6095
4892
5088
6280
4812
1030
3273
3339
9255
3902
7485
988
11493
4633
5404
4712
4215
8884
9147
2442
8409
6188
4004
6516
4623
2492
5142
9067
5997
7050
8698
9146
5943
4052
8800
7340
10597
5687
8297
8778
71
5723
2208
4039
9552
5040
3770
2853
6521
10442
10443
5586
11546
7374
2571
3694
591
9503
1740
11195
440
1452
4381
8678
8324
5069
9381
10395
8113
5471
2058
97
2054
4272
11748
8532
9328
7807
1199
1776
183
1153
9457
2182
7463
2077
1828
8379
1108
3114
3421
2342
8482
890
9429
6162
10391
9171
2184
265
7686
2652
4088
6030
8190
11527
7983
11817
1263
5939
664
6472
8282
1038
11390
2472
3263
9547
11155
2876
11916
3610
10638
1884
4286
8538
4969
7144
9645
137
10256
628
1353
758
10915
9813
11832
10271
3880
4937
4977
2501
9131
3946
8383
3356
9648
361
2723
6100
8402
8969
5482
9111
1566
4527
9540
1441
10935
3733
5644
6551
10579
9828
11028
11097
3405
493
1293
9327
7875
2733
8720
3276
4282
10707
1542
2515
3636
9130
1536
10655
7759
5796
3311
7697
7493
8574
10828
2453
9665
3602
11758
6955
10347
10623
4220
4974
10528
7524
201
7115
6998
9183
2008
11798
287
9757
4852
10837
5150
2972
10497
4911
8099
10321
8940
1693
7220
4122
7213
8197
1001
6483
10452
5053
5628
10624
558
304
5412
3308
8192
6185
4921
4448
2211
6450
5572
4870
7325
6473
1141
78
11130
1125
10575
9622
4218
7934
5349
9811
8298
3934
11114
9376
7654
6249
4742
8375
1246
11576
9378
7322
7452
7718
5787
9608
4204
10899
8079
8004
274
5514
5833
814
8240
7549
3224
5106
4696
4344
7953
8964
3715
8993
11692
2881
11672
2210
7929
2709
8346
967
1881
3978
4741
2750
5461
893
11146
11109
4966
11463
8084
6329
6462
1962
7048
11804
278
10545
4264
4497
11488
2133
9234
1792
9038
2667
3899
2180
9929
998
4938
468
3927
1335
4075
9523
3487
6542
9599
4831
10699
5425
3573
10343
9517
4391
4792
9428
1768
10547
8656
11323
7723
6114
1590
6548
10384
2293
4674
11646
4205
4744
6305
5578
4305
5877
7830
10028
11223
10419
2742
8985
6855
10751
1756
3152
5064
4610
11063
8747
3858
63
5643
8132
3576
5449
10200
6175
3990
11422
10548
10370
3829
2665
7651
2159
7214
8410
11565
1674
7015
2372
2925
1926
9903
1009
10496
2864
3404
9317
5732
3017
4370
2639
10845
10767
5368
11816
10353
4440
11826
10815
10625
9061
4315
7787
7738
7301
5822
4225
9526
2960
673
6282
3513
112
3991
6668
9479
1730
8456
5604
3706
4035
2618
10359
6870
3231
9534
8069
456
2478
8666
9718
10887
10549
5350
4330
5348
6915
2744
1156
6984
8513
164
589
6721
10018
5960
8159
713
3628
8206
3585
11337
2237
5360
6421
4863
9750
4582
1981
3552
8699
9748
11882
2121
1424
9311
402
3973
7866
7396
70
11345
8828
10199
6923
621
3303
7375
5849
4862
9953
5264
10396
11254
4300
6547
8966
726
6618
969
5140
144
6444
5789
9821
6140
7796
7589
9856
10928
11544
1370
9964
7964
4079
6451
4891
7292
479
6878
532
5119
1461
8774
7958
1272
2587
9242
9868
3322
2805
5014
1126
6382
430
10275
7891
7793
9661
5358
6481
4443
11638
432
7106
4971
1315
10289
9225
4378
4470
11278
3618
1173
8961
1283
2504
655
10702
11749
2736
11484
9568
5484
3546
1455
6559
7244
8953
5924
6585
1717
4242
5999
375
1589
8541
4254
5398
10732
140
9208
3219
11167
11009
6897
2586
2457
11847
10102
845
5817
2084
7426
3506
10136
6643
682
5109
5740
2568
2434
9194
9460
8846
6953
9463
2707
7455
1729
4775
10798
8060
6031
7794
3103
10466
3528
2382
6671
8917
1182
291
0
7695
2953
4931
2816
4426
8839
2851
8311
10521
785
3459
6529
406
9167
5319
2059
7436
60
7479
8101
9423
3314
7046
6296
11715
9410
529
9538
10923
2097
5946
5667
11790
8591
5103
132
5432
9855
5937
1735
1612
7586
7414
9359
5236
11067
4654
5323
852
2927
11722
907
4434
1966
9181
8586
825
7496
6685
7040
965
2557
4677
6684
11589
17
6077
10050
8322
665
4400
7123
4049
6909
8129
10087
2345
4289
7889
11084
2886
11171
3302
2704
4261
6036
5125
10268
503
10100
3184
11186
9142
7817
2871
5977
5244
5408
11605
6890
9396
8049
8320
8418
6236
1365
7457
948
8328
6501
9273
6525
7483
9967
7590
4833
6926
11838
7133
1059
3379
11511
6934
5702
11889
6714
6736
10357
699
7613
10788
5322
7994
10260
3852
10065
721
2841
7748
8655
6805
6292
9059
1928
9793
1752
3323
6193
1507
638
6704
1618
10436
5857
7331
4437
7259
1148
6410
3209
8556
2776
3813
4697
5397
10082
9491
292
5409
1685
1253
10813
3316
6334
6735
11864
8052
4817
9669
9244
7681
7741
9019
3728
1969
7049
6986
5605
4483
7087
1432
8138
11578
10023
8533
9099
9017
1680
6552
9080
5009
2737
10981
7031
5107
10222
3139
7381
7598
10857
3087
4881
5247
8204
8355
1202
870
9095
10776
6658
6142
2311
5277
2111
6253
872
9519
9545
3265
3400
11703
4258
11427
7149
6582
2454
6783
21
1751
10049
6873
7608
10667
10678
2642
1602
2040
6391
4331
276
7567
6039
4967
9049
10679
2166
10060
1301
1813
6436
2031
5307
5254
3353
7640
11695
11054
207
543
4214
9027
4209
6495
11093
6889
34
6471
1084
11326
1039
10986
8321
9170
10669
8983
1323
2247
10518
7746
163
2690
8066
3945
5171
6397
270
3105
11712
2630
459
11584
9253
6722
691
10476
2275
7390
8294
4200
6176
3200
10119
11046
242
10648
392
4090
4424
11141
6160
2877
3143
7256
5772
587
661
911
7029
4290
11623
2874
7989
3870
6435
5301
10622
1292
1050
8648
7360
8290
10118
1027
8881
4013
1558
3989
8978
8185
10202
3153
819
2615
7803
1593
2192
4588
10207
9246
6977
6752
11089
8526
11226
1765
5437
4227
4998
5758
9175
7309
4070
2020
4433
3227
105
11456
11917
2045
2181
10488
10000
2365
11133
1344
3266
669
11017
3091
1020
9554
3296
2507
3900
6568
6669
10577
6237
5707
4514
11808
2834
7178
11181
9597
4107
11640
4187
11622
10839
10120
11000
9923
9413
7345
10217
9036
8768
4581
6338
5958
4680
2767
9887
3815
2705
11612
1206
4662
11634
10781
7935
11312
5982
9294
10566
3118
760
4337
1721
2812
4367
2729
5744
1808
5880
9037
108
7529
3015
613
4732
9996
6523
447
8850
2869
6815
10453
11306
2503
9119
9848
3411
2668
241
10215
11866
11728
5033
5951
10933
5112
10568
4970
3619
2756
3271
11569
7841
11075
11147
2018
578
2125
7184
5673
10091
511
4834
9367
1266
11631
4686
6279
4266
6232
10430
3245
7419
3583
3620
11350
4786
7453
3002
10722
3908
11397
8170
8518
9835
6975
6307
2713
11409
1178
2445
9250
8835
9756
3578
11266
7475
5402
10447
1882
4063
708
4072
737
3106
4608
3431
3221
3043
1584
79
7023
11006
5539
3089
8642
11414
10901
5775
2552
5480
8277
8886
5297
5101
7785
6900
9033
9066
4553
7816
6309
8301
3951
8109
2911
3661
4578
2481
4223
4106
9885
5441
9919
10822
10657
2819
10243
10736
11501
1682
4889
6022
8250
9989
5813
3230
5028
8695
507
2104
4900
8929
1980
7607
6595
4627
2427
5055
6904
11706
4191
3259
903
3718
10074
6951
2605
2317
10950
2223
4569
2526
8949
11661
7156
4699
2691
3012
11485
6387
10526
2620
7170
1736
11365
10693
5895
10433
6656
226
2366
10072
11824
8384
11829
7975
10233
3380
6010
8592
8371
6331
8399
8958
6868
11354
11508
8831
8796
473
9377
6952
3812
3593
2310
2390
7797
1588
1398
2933
1923
8815
5256
9481
335
11052
389
4335
11549
8361
4540
1564
5696
6571
1366
4688
6467
3047
4769
6863
9514
7819
9043
2377
8973
11135
5511
6999
8908
5149
1624
228
7867
3799
8434
1958
5084
363
3500
9581
3588
40
2849
6233
1543
8051
3425
194
6466
11710
9200
9824
10383
4796
5363
211
2610
13
2193
9068
3512
11850
6127
352
6790
10004
9082
6205
10869
9455
1409
11946
11873
11072
6749
5415
2086
11163
8200
463
11616
8203
1798
7368
5267
6865
11677
2565
1502
1241
10785
6519
10829
10077
5900
9951
7272
3657
10297
243
619
7287
5489
6677
2796
1252
2878
9579
7221
9758
7371
7763
9372
11439
2783
11792
8501
2262
9911
10344
367
8131
3331
9551
3026
823
10697
4091
8026
10006
2496
8176
1603
7105
9320
9129
11791
11293
5495
506
1339
885
3022
10771
576
8567
8390
11718
9469
1875
1005
151
4171
9185
1957
1904
1229
7969
11902
866
216
7404
6026
8499
5075
11198
11498
6060
6399
8128
10927
2641
4868
2326
4799
5634
6138
1642
1571
9655
3220
5827
4656
4980
9425
3639
11657
3127
1863
8243
1640
3999
5811
11034
7945
5541
8927
9474
502
2890
11669
2521
7209
11448
4502
9602
6558
5517
8114
2195
3981
4256
3081
6027
2811
11507
5991
5573
2706
3159
8951
9268
1258
2279
3914
5669
11331
1022
1024
2041
11540
2154
7356
1527
7147
10594
5091
2260
10962
2563
8098
11465
3321
790
4914
2941
5536
9278
2537
7634
7894
3883
7553
3564
1494
11062
9191
3010
9
9555
5832
6007
339
6674
11002
1414
6809
55
10619
8441
1216
9380
7813
7902
4579
8212
2116
9600
5251
5992
6390
6822
5545
124
10274
3898
10455
3269
5166
6683
5362
7163
3600
4880
5381
3724
7511
7846
6884
9011
2926
7024
5444
6081
9772
2654
7000
5662
3264
10835
11528
10144
9889
4028
1234
11911
7883
10155
9518
5013
1443
1724
9174
10908
7997
5059
2661
7010
6507
2814
9980
6625
11570
10786
9874
10945
5552
5080
5592
5008
6058
3614
8664
8795
7251
1836
11191
3570
3752
2982
1000
5584
1422
6271
5619
2921
6293
2227
10762
369
1016
8690
7394
1984
1193
7403
2666
6627
5032
6885
8300
8025
262
676
5379
7355
10204
10843
6576
5168
4493
7727
11599
6244
7678
2421
957
2142
9723
9864
996
10165
4949
8960
5704
3954
929
5293
1902
3046
648
8143
2598
7392
10374
10162
9550
10832
9742
8984
8705
4806
135
2919
3250
10044
11950
11058
1489
7574
10780
8877
3653
11289
6896
8214
2510
1601
7434
10630
11261
9500
2779
10888
8857
7592
9992
8948
2883
8465
8209
3251
5327
9684
6286
5035
1706
2761
6361
5394
4192
7862
2300
9688
1067
11188
9394
11932
6823
7239
2360
1174
3957
7113
6381
1747
7332
9693
3612
7776
11957
9411
1007
5434
3881
10376
10970
7892
5954
10855
8377
9770
2676
11842
5838
5522
10326
5135
11108
6228
11699
6153
6225
3794
11936
7557
9357
8096
6620
5283
4639
3885
4486
10765
6530
865
240
11230
4280
2087
7177
1052
3397
1413
9752
4669
6183
8326
5794
3704
6494
2464
2663
3317
5773
10294
9370
7082
7680
4046
11121
4420
2670
4428
4964
1300
5694
343
2043
3319
8743
1161
3608
5262
8382
575
9055
5528
7384
6294
4401
155
10366
7011
4836
4912
1614
2352
11244
1185
1983
6144
10871
4148
8963
931
3465
4988
9084
3108
7704
5228
9318
11735
2350
10795
986
3476
8597
8426
2794
6278
6644
7596
6706
1381
8515
3674
1361
1694
7684
9571
10482
1417
9039
1878
951
4753
9476
4788
9070
2389
4646
6037
6117
2196
8634
5973
8502
9297
8528
4539
7494
3361
1812
1462
5201
7516
1741
6928
6744
8124
9162
6212
698
3747
9264
3856
9003
6342
5418
74
11369
4719
11571
9462
1322
11532
9986
6186
4287
1434
1405
10523
6632
8571
10953
9442
3514
9160
6409
4761
7362
11019
3730
8602
11525
2418
11082
3532
3479
5199
11535
9521
4865
5496
4111
7804
9537
880
6042
11637
5302
573
7227
4270
5959
8404
11132
8657
1408
6630
1214
4065
723
7160
3172
3037
2325
975
5949
11447
2518
2479
10515
6522
5115
9715
6802
7365
4913
5990
6415
562
722
8874
11420
7655
10154
10101
3568
3433
11849
348
8797
6962
6378
1023
6072
5240
7254
10111
3333
4567
4746
7320
7955
4101
4678
6821
9249
11596
4423
2359
7088
233
7302
4135
3142
11551
8208
10576
681
7503
261
9638
5520
9024
324
3836
1901
5272
4341
7246
10925
275
3559
10066
4491
8135
7064
11951
634
1248
3862
10474
187
2003
2256
11112
10098
1387
904
4621
3256
8419
6389
2974
3538
5243
4157
11587
5451
5788
9565
9198
3530
1343
3355
6234
7706
57
9777
8603
10524
10063
1703
10708
3470
4066
3048
437
7476
3171
10093
2225
4185
7076
7544
7899
629
11516
6213
11106
8750
3415
6469
1046
8601
11237
3703
9292
115
6377
9077
4601
803
7410
10658
8332
8178
6924
7639
7798
3824
6990
2370
11530
3594
4940
10544
9730
9578
9453
1032
3160
657
6238
3676
1857
11159
7661
4981
11060
6019
9324
3918
9346
3596
9282
9057
4051
11451
11908
7107
6846
10390
891
5414
264
8994
7977
9776
11116
8042
6099
5622
7229
2493
3066
5856
1453
257
3358
3840
8693
4885
3426
1915
11787
5661
4584
8121
7709
7761
9013
8411
5238
10355
2827
1362
3937
9126
1950
9042
11411
732
4637
8878
169
4547
416
5195
3248
5453
2984
5898
10500
1243
10114
6848
3606
2204
793
3736
774
3967
5435
2101
7827
7965
9566
2784
9564
5602
195
7811
1008
9236
9330
4374
1367
7974
5685
6830
4124
2173
3859
10253
5668
898
1824
7990
167
5576
5124
3519
9535
99
5879
6024
7614
11286
7560
3031
6224
10502
826
8918
8986
5681
7806
7132
1897
11820
1702
6106
5649
5971
6513
10371
1157
11478
9192
357
1840
10198
9906
8504
7285
2585
564
6040
6858
10388
26
6069
2660
11380
4432
2494
2432
10940
6605
2543
857
7600
10061
11434
3225
4318
122
2755
11445
7914
3976
3764
5803
6510
10464
2990
4951
7327
5697
2703
3309
7641
10591
2529
2835
2209
4113
1313
7683
3547
7833
3756
11620
6831
3117
10149
2793
1307
10248
9810
9609
5139
8544
2354
831
7378
8173
3781
5809
10894
8302
8394
6969
2701
10633
4597
3701
10157
10218
9815
6549
3561
7791
853
727
6524
4488
11056
6597
5504
1407
3950
8861
4145
5722
10538
9364
11782
11783
6362
11023
1446
298
10489
4681
11952
7979
1643
1066
9128
9178
11264
4460
10467
2405
1245
5017
830
818
9587
2546
11947
11166
4285
5656
9272
1940
8755
2232
156
5030
11780
9237
73
10456
10170
2158
9786
11717
668
1086
1457
1856
914
1809
5436
5087
4773
5540
3413
454
10124
8858
5306
11481
3904
11851
290
10996
3368
3101
1265
8909
6613
1945
10590
11705
9918
10472
4031
7276
446
9631
2683
6675
10913
2899
10863
5284
9395
8146
5670
608
4829
5401
9983
1561
7441
1003
5979
9087
3275
11662
3272
9673
6260
1512
9193
121
10186
6611
4620
7932
7486
4587
5778
5885
3407
3847
2291
10706
2669
2939
1912
844
6967
9847
2016
2603
522
11425
95
3239
8968
9799
3330
11444
7566
6642
10319
11014
3822
10026
9771
1594
4626
2114
9762
4120
5054
3955
11124
9365
474
10715
6756
11784
3864
2302
471
7499
10712
1467
7872
3491
6933
6898
8563
5928
8674
11759
8904
557
4407
8263
5917
9313
441
10858
6075
3782
9714
10939
10886
5045
2724
3364
11926
9814
2174
5185
3340
8805
11559
6169
4936
3688
3617
11122
11279
10059
5873
3218
3891
4721
4565
6301
3719
5996
5190
11901
6413
513
8271
3825
4068
1057
1179
10689
11318
11732
4550
8249
5403
3800
6059
10853
8938
7279
6639
3868
586
2852
2833
5527
8490
2815
4240
11674
11389
7812
3737
8432
3013
10030
715
5961
4906
9291
4268
6691
505
230
6804
2523
11179
9422
7594
2730
5594
11938
540
7822
11169
2634
10478
2922
9569
6758
7171
7367
6828
4909
10292
7387
4701
8764
6197
862
2318
7125
10316
3755
10595
11152
4275
5215
3580
2542
4019
173
6550
9623
7431
10793
8709
4953
4416
8633
2006
1224
8232
10740
3343
4399
254
9309
5720
3235
7957
56
9760
2299
10803
3660
3301
10944
978
9823
3469
7768
7100
4986
3539
7728
2202
11324
7617
2440
3163
129
3020
5173
8542
9251
7916
10529
3574
5852
4338
4173
3295
987
3905
11687
1128
3912
10134
3774
11290
1116
2910
6932
8620
4585
11560
3744
2053
5729
8859
7918
9015
3306
193
5486
162
10491
2947
1719
6753
8147
11621
9766
6778
2913
11013
312
2629
6432
4207
755
11879
8825
9926
3402
2117
2928
7912
9382
7297
560
4467
7647
612
821
1168
2589
10790
3122
1705
8244
198
2893
766
3294
5786
5170
3591
9116
11644
2380
1596
11094
6492
8630
9333
7848
1428
8450
10303
4452
1325
4243
913
6565
1423
776
5361
8023
8104
9594
9836
7260
11500
5198
4435
1472
11304
5025
11385
7753
2612
8266
10797
299
4057
10563
10332
10716
8433
4144
1264
1043
861
6861
2973
5929
11173
10450
10652
6545
3056
566
11265
8928
4535
11859
11036
1608
4188
9708
2758
7507
2785
10743
5932
4210
9349
1298
10105
3042
7383
10029
3743
1040
2541
4454
11222
8142
9625
2222
8637
6961
11088
7218
3312
3176
8329
4509
4018
1269
2456
8564
2575
5623
6840
9012
4979
1757
98
6125
10429
5559
2726
4599
5276
10778
11030
1368
3882
10121
1010
10924
6553
5042
3634
11487
4989
1198
3051
10338
4056
5141
6078
4319
10733
6662
6130
7826
8424
5344
9233
11272
6143
6799
10168
119
5128
3078
5739
8891
11038
